[0.00000000e+00 6.30588272e+00 3.58932809e-03 1.99150388e-03
 1.70819401e-03 1.18405362e-03 1.93133186e-03 2.49114256e-03
 1.43897547e-03 1.09041720e-03 1.12737403e-03 2.41448046e-03
 1.00320339e-03 1.23025713e-03 2.86801408e-03 2.08145121e-03
 1.32974069e-03 1.20484473e-03 8.61283989e-04 1.36738172e-03
 1.32539452e-03 1.21505288e-03 1.55831367e-03 5.42427505e-03
 6.30341595e+00 1.24110498e-03]
[6.30588272e+00 0.00000000e+00 6.30767171e+00 6.05702204e-03
 1.97652079e-03 3.38607913e-03 1.36513767e-03 2.24144392e-03
 1.74605742e-03 1.30173452e-03 1.11530877e-03 1.71592526e-03
 1.43191509e-03 1.19060856e-03 1.56233900e-03 1.41538164e-03
 9.20197509e-04 1.09622185e-03 1.30302743e-03 9.34065536e-04
 9.28784571e-04 9.00703111e-04 1.13960410e-03 1.56591163e-03
 1.15365998e-03 9.73707046e-04]
[3.58932809e-03 6.30767171e+00 0.00000000e+00 6.28131818e+00
 3.17878869e-03 9.07441769e-03 1.50035916e-03 1.98684255e-03
 1.31739681e-03 2.02468082e-03 3.15364127e-03 1.28145220e-03
 8.26878733e-04 9.71283994e-03 1.31276428e-02 1.32464905e-03
 1.05687531e-03 8.02322760e-04 9.86726646e-04 1.00406104e-03
 9.04150313e-04 8.45714910e-04 1.09995381e-03 1.19315890e-03
 1.04473726e-03 9.49276738e-04]
[1.99150388e-03 6.05702204e-03 6.28131818e+00 0.00000000e+00
 3.61367106e-02 6.29565411e+00 3.71937770e-03 2.56866054e-03
 1.40738335e-03 1.18813826e-03 1.39158898e-03 3.90907868e-03
 1.92051577e-03 1.31758333e-03 1.05197169e-03 1.60884379e-03
 9.80786817e-04 1.05572084e-03 7.77701603e-04 1.02201670e-03
 1.10877365e-03 8.86996591e-04 7.38754217e-04 1.06055939e-03
 1.17113400e-03 9.32669048e-04]
[1.70819401e-03 1.97652079e-03 3.17878869e-03 3.61367106e-02
 0.00000000e+00 6.30242773e+00 6.28088570e+00 4.43843009e-03
 1.11241325e-03 1.30827582e-03 1.27177717e-03 1.20167533e-03
 1.05922890e-03 1.41126713e-03 1.08736999e-03 1.75413024e-03
 8.02281742e-04 1.16335923e-03 1.08257286e-03 9.70578457e-04
 9.14623072e-04 9.18423172e-04 8.12621981e-04 1.26627435e-03
 1.04506723e-03 1.04175939e-03]
[1.18405362e-03 3.38607913e-03 9.07441769e-03 6.29565411e+00
 6.30242773e+00 0.00000000e+00 1.79511791e-02 2.28436157e-03
 1.18331863e-03 8.80452181e-04 1.31286551e-03 1.34751067e-03
 8.43886646e-04 1.02650421e-03 1.46883560e-03 1.87766924e-03
 9.00614441e-04 8.99065618e-04 1.01721997e-03 7.91479438e-04
 8.05374687e-04 8.02084928e-04 7.49857538e-04 1.10073936e-03
 9.51685955e-04 1.05467985e-03]
[1.93133186e-03 1.36513767e-03 1.50035916e-03 3.71937770e-03
 6.28088570e+00 1.79511791e-02 0.00000000e+00 6.31299102e+00
 1.00869256e-02 1.13709276e-03 2.94272663e-03 1.44471165e-03
 8.33171537e-04 9.94148498e-04 1.53417118e-03 1.19760581e-03
 1.37222921e-03 9.60274358e-04 9.98546174e-04 9.08233909e-04
 1.00467502e-03 1.08191844e-03 8.14471938e-04 1.38945487e-03
 1.06178872e-03 8.69523992e-04]
[2.49114256e-03 2.24144392e-03 1.98684255e-03 2.56866054e-03
 4.43843009e-03 2.28436157e-03 6.31299102e+00 0.00000000e+00
 6.29069524e+00 1.63487661e-03 5.52326300e-03 1.90889117e-03
 1.10007738e-03 1.97735147e-03 1.44224637e-03 5.03718409e-03
 9.98178142e-04 1.18713844e-03 1.46170125e-03 1.27405599e-03
 1.13571723e-03 9.27708753e-04 8.39911665e-04 1.46894857e-03
 1.76299816e-03 1.59839180e-03]
[1.43897547e-03 1.74605742e-03 1.31739681e-03 1.40738335e-03
 1.11241325e-03 1.18331863e-03 1.00869256e-02 6.29069524e+00
 0.00000000e+00 6.30566322e+00 1.61150232e-03 1.48332860e-03
 2.20913903e-03 1.46881230e-03 1.48706784e-03 1.82314583e-02
 1.06477047e-03 8.44022545e-04 9.79397371e-04 9.07461757e-04
 1.18168969e-03 8.44623706e-04 8.81831892e-04 8.33217076e-04
 1.23997079e-03 1.05655694e-03]
[1.09041720e-03 1.30173452e-03 2.02468082e-03 1.18813826e-03
 1.30827582e-03 8.80452181e-04 1.13709276e-03 1.63487661e-03
 6.30566322e+00 0.00000000e+00 2.26231470e-02 1.46696208e-03
 1.49510533e-03 6.29576440e+00 1.31080741e-03 1.98816389e-03
 8.45609492e-04 1.05994145e-03 1.11625541e-03 8.73094080e-04
 1.12017052e-03 8.85110252e-04 7.51185759e-04 1.64281374e-03
 8.68838493e-04 9.35287385e-04]
[1.12737403e-03 1.11530877e-03 3.15364127e-03 1.39158898e-03
 1.27177717e-03 1.31286551e-03 2.94272663e-03 5.52326300e-03
 1.61150232e-03 2.26231470e-02 0.00000000e+00 1.01618440e-02
 6.30796395e+00 2.64732511e-03 2.79885567e-03 6.27378154e+00
 1.66979735e-03 1.07343591e-03 7.61679902e-04 1.29710740e-03
 1.18591413e-03 9.39080745e-04 9.38903430e-04 1.40884929e-03
 1.06784760e-03 1.20644980e-03]
[2.41448046e-03 1.71592526e-03 1.28145220e-03 3.90907868e-03
 1.20167533e-03 1.34751067e-03 1.44471165e-03 1.90889117e-03
 1.48332860e-03 1.46696208e-03 1.01618440e-02 0.00000000e+00
 6.31241375e+00 2.04160957e-03 6.28916440e+00 5.74602005e-03
 1.13744937e-03 1.58594732e-03 9.45619789e-04 1.21364133e-03
 1.30472401e-03 1.02818816e-03 1.07695561e-03 1.83930808e-03
 1.84759113e-03 1.29471588e-03]
[1.00320339e-03 1.43191509e-03 8.26878733e-04 1.92051577e-03
 1.05922890e-03 8.43886646e-04 8.33171537e-04 1.10007738e-03
 2.20913903e-03 1.49510533e-03 6.30796395e+00 6.31241375e+00
 0.00000000e+00 1.79003484e-03 5.45475670e-03 1.81360488e-03
 9.82705679e-04 9.08325658e-04 8.85080475e-04 7.70287738e-04
 7.98229166e-04 8.95083964e-04 7.41424912e-04 9.82209812e-04
 9.86136740e-04 8.67077851e-04]
[1.23025713e-03 1.19060856e-03 9.71283994e-03 1.31758333e-03
 1.41126713e-03 1.02650421e-03 9.94148498e-04 1.97735147e-03
 1.46881230e-03 6.29576440e+00 2.64732511e-03 2.04160957e-03
 1.79003484e-03 0.00000000e+00 6.31287623e+00 5.44813745e-03
 1.18769399e-03 1.02138081e-03 8.31038383e-04 8.17026761e-04
 1.00532238e-03 8.63620387e-04 7.93662989e-04 1.64553007e-03
 9.48353982e-04 9.65048897e-04]
[2.86801408e-03 1.56233900e-03 1.31276428e-02 1.05197169e-03
 1.08736999e-03 1.46883560e-03 1.53417118e-03 1.44224637e-03
 1.48706784e-03 1.31080741e-03 2.79885567e-03 6.28916440e+00
 5.45475670e-03 6.31287623e+00 0.00000000e+00 1.53011234e-03
 8.66956160e-04 1.07258050e-03 8.60084179e-04 9.83546541e-04
 1.11979861e-03 8.82816740e-04 8.33222194e-04 1.78348309e-03
 2.56116678e-03 1.24730744e-03]
[2.08145121e-03 1.41538164e-03 1.32464905e-03 1.60884379e-03
 1.75413024e-03 1.87766924e-03 1.19760581e-03 5.03718409e-03
 1.82314583e-02 1.98816389e-03 6.27378154e+00 5.74602005e-03
 1.81360488e-03 5.44813745e-03 1.53011234e-03 0.00000000e+00
 2.88881747e-03 1.74484705e-03 6.31109771e+00 2.04540261e-03
 1.74312814e-03 1.09782839e-03 1.07363889e-03 1.87324539e-03
 1.20685114e-03 1.36835397e-03]
[1.32974069e-03 9.20197509e-04 1.05687531e-03 9.80786817e-04
 8.02281742e-04 9.00614441e-04 1.37222921e-03 9.98178142e-04
 1.06477047e-03 8.45609492e-04 1.66979735e-03 1.13744937e-03
 9.82705679e-04 1.18769399e-03 8.66956160e-04 2.88881747e-03
 0.00000000e+00 6.31275838e+00 1.59404532e-03 2.79662885e-03
 6.30811269e+00 1.13675949e-03 1.08459720e-03 1.43685059e-03
 1.16678849e-03 1.88433813e-03]
[1.20484473e-03 1.09622185e-03 8.02322760e-04 1.05572084e-03
 1.16335923e-03 8.99065618e-04 9.60274358e-04 1.18713844e-03
 8.44022545e-04 1.05994145e-03 1.07343591e-03 1.58594732e-03
 9.08325658e-04 1.02138081e-03 1.07258050e-03 1.74484705e-03
 6.31275838e+00 0.00000000e+00 1.73253373e-03 6.30842629e+00
 1.84683162e-03 1.31345605e-03 9.57783679e-04 1.34473359e-03
 1.24056612e-03 3.67577030e-03]
[8.61283989e-04 1.30302743e-03 9.86726646e-04 7.77701603e-04
 1.08257286e-03 1.01721997e-03 9.98546174e-04 1.46170125e-03
 9.79397371e-04 1.11625541e-03 7.61679902e-04 9.45619789e-04
 8.85080475e-04 8.31038383e-04 8.60084179e-04 6.31109771e+00
 1.59404532e-03 1.73253373e-03 0.00000000e+00 6.31603217e+00
 9.69952991e-04 8.83506400e-04 8.79126144e-04 8.40143279e-04
 9.67337389e-04 1.11131981e-03]
[1.36738172e-03 9.34065536e-04 1.00406104e-03 1.02201670e-03
 9.70578457e-04 7.91479438e-04 9.08233909e-04 1.27405599e-03
 9.07461757e-04 8.73094080e-04 1.29710740e-03 1.21364133e-03
 7.70287738e-04 8.17026761e-04 9.83546541e-04 2.04540261e-03
 2.79662885e-03 6.30842629e+00 6.31603217e+00 0.00000000e+00
 1.21544626e-03 8.96844848e-04 9.53689697e-04 1.09833597e-03
 8.96605611e-04 1.48032948e-03]
[1.32539452e-03 9.28784571e-04 9.04150313e-04 1.10877365e-03
 9.14623072e-04 8.05374687e-04 1.00467502e-03 1.13571723e-03
 1.18168969e-03 1.12017052e-03 1.18591413e-03 1.30472401e-03
 7.98229166e-04 1.00532238e-03 1.11979861e-03 1.74312814e-03
 6.30811269e+00 1.84683162e-03 9.69952991e-04 1.21544626e-03
 0.00000000e+00 6.31084447e+00 1.35928221e-03 1.86526135e-03
 2.40692385e-03 4.76846232e-03]
[1.21505288e-03 9.00703111e-04 8.45714910e-04 8.86996591e-04
 9.18423172e-04 8.02084928e-04 1.08191844e-03 9.27708753e-04
 8.44623706e-04 8.85110252e-04 9.39080745e-04 1.02818816e-03
 8.95083964e-04 8.63620387e-04 8.82816740e-04 1.09782839e-03
 1.13675949e-03 1.31345605e-03 8.83506400e-04 8.96844848e-04
 6.31084447e+00 0.00000000e+00 3.18316789e-03 2.93181342e-03
 2.35055888e-03 6.31242025e+00]
[1.55831367e-03 1.13960410e-03 1.09995381e-03 7.38754217e-04
 8.12621981e-04 7.49857538e-04 8.14471938e-04 8.39911665e-04
 8.81831892e-04 7.51185759e-04 9.38903430e-04 1.07695561e-03
 7.41424912e-04 7.93662989e-04 8.33222194e-04 1.07363889e-03
 1.08459720e-03 9.57783679e-04 8.79126144e-04 9.53689697e-04
 1.35928221e-03 3.18316789e-03 0.00000000e+00 6.31003161e+00
 1.86412822e-02 6.29904093e+00]
[5.42427505e-03 1.56591163e-03 1.19315890e-03 1.06055939e-03
 1.26627435e-03 1.10073936e-03 1.38945487e-03 1.46894857e-03
 8.33217076e-04 1.64281374e-03 1.40884929e-03 1.83930808e-03
 9.82209812e-04 1.64553007e-03 1.78348309e-03 1.87324539e-03
 1.43685059e-03 1.34473359e-03 8.40143279e-04 1.09833597e-03
 1.86526135e-03 2.93181342e-03 6.31003161e+00 0.00000000e+00
 6.29846427e+00 6.48478888e-03]
[6.30341595e+00 1.15365998e-03 1.04473726e-03 1.17113400e-03
 1.04506723e-03 9.51685955e-04 1.06178872e-03 1.76299816e-03
 1.23997079e-03 8.68838493e-04 1.06784760e-03 1.84759113e-03
 9.86136740e-04 9.48353982e-04 2.56116678e-03 1.20685114e-03
 1.16678849e-03 1.24056612e-03 9.67337389e-04 8.96605611e-04
 2.40692385e-03 2.35055888e-03 1.86412822e-02 6.29846427e+00
 0.00000000e+00 2.50767670e-03]
[1.24110498e-03 9.73707046e-04 9.49276738e-04 9.32669048e-04
 1.04175939e-03 1.05467985e-03 8.69523992e-04 1.59839180e-03
 1.05655694e-03 9.35287385e-04 1.20644980e-03 1.29471588e-03
 8.67077851e-04 9.65048897e-04 1.24730744e-03 1.36835397e-03
 1.88433813e-03 3.67577030e-03 1.11131981e-03 1.48032948e-03
 4.76846232e-03 6.31242025e+00 6.29904093e+00 6.48478888e-03
 2.50767670e-03 0.00000000e+00]
